Objective value: 8294.566839287349 ($)
Optimal Solution:
    d1 = 17.4668656192399
    d2 = 0.0
    r1 = 877.731940665321
    r2 = 0.0